[gd_scene load_steps=6 format=3 uid="uid://c01unuv41id1r"]

[ext_resource type="Texture2D" uid="uid://blq8jd5jejs6r" path="res://Art Assets/Art Assets/Background/Sky.png" id="1_hbp8a"]
[ext_resource type="Texture2D" uid="uid://c8k7xcv2eu17w" path="res://Art Assets/Art Assets/Tiles/Tiles (16x16).png" id="2_hnnuc"]
[ext_resource type="PackedScene" uid="uid://obwms6t6dogm" path="res://cenas/player.tscn" id="3_rdm2e"]

[sub_resource type="TileSetAtlasSource" id="TileSetAtlasSource_tqoxo"]
texture = ExtResource("2_hnnuc")
0:0/0 = 0
1:0/0 = 0
2:0/0 = 0
3:0/0 = 0
4:0/0 = 0
5:0/0 = 0
6:0/0 = 0
7:0/0 = 0
0:1/0 = 0
1:1/0 = 0
2:1/0 = 0
3:1/0 = 0
5:1/0 = 0
6:1/0 = 0
7:1/0 = 0
8:1/0 = 0
0:2/0 = 0
1:2/0 = 0
2:2/0 = 0
3:2/0 = 0
4:2/0 = 0
5:2/0 = 0
6:2/0 = 0
7:2/0 = 0

[sub_resource type="TileSet" id="TileSet_bo0jt"]
sources/0 = SubResource("TileSetAtlasSource_tqoxo")

[node name="Mundo" type="Node2D"]

[node name="ColorRect" type="ColorRect" parent="."]
offset_right = 1152.0
offset_bottom = 648.0
color = Color(0.113725, 0.756863, 1, 1)

[node name="Sky" type="TextureRect" parent="."]
offset_top = 230.0
offset_right = 1152.0
offset_bottom = 422.0
texture = ExtResource("1_hbp8a")
stretch_mode = 1

[node name="TileMap" type="TileMap" parent="."]
scale = Vector2(2, 2)
tile_set = SubResource("TileSet_bo0jt")
format = 2
layer_0/tile_data = PackedInt32Array(851973, 65536, 0, 851969, 65536, 0, 851970, 65536, 0, 851971, 65536, 0, 851972, 65536, 0, 851974, 65536, 0, 851975, 65536, 0, 851976, 65536, 0, 851977, 65536, 0, 851978, 65536, 0, 851979, 65536, 0, 851980, 65536, 0, 851981, 65536, 0, 851982, 65536, 0, 851983, 65536, 0, 851984, 65536, 0, 851985, 65536, 0, 851986, 65536, 0, 851987, 65536, 0, 851988, 65536, 0, 851989, 65536, 0, 851990, 65536, 0, 851991, 65536, 0, 851992, 65536, 0, 851993, 65536, 0, 851994, 65536, 0, 851995, 65536, 0, 851996, 65536, 0, 851997, 65536, 0, 851998, 65536, 0, 851999, 65536, 0, 852000, 65536, 0, 852001, 65536, 0, 852002, 65536, 0, 852003, 65536, 0, 851968, 65536, 0, 917504, 65536, 1, 983040, 65536, 1, 1048576, 65536, 1, 1114112, 65536, 1, 1179648, 65536, 1, 1245184, 65536, 1, 917505, 65536, 1, 983041, 65536, 1, 1048577, 65536, 1, 1114113, 65536, 1, 1179649, 65536, 1, 1245185, 65536, 1, 917506, 65536, 1, 983042, 65536, 1, 1048578, 65536, 1, 1114114, 65536, 1, 1179650, 65536, 1, 1245186, 65536, 1, 917507, 65536, 1, 983043, 65536, 1, 1048579, 65536, 1, 1114115, 65536, 1, 1179651, 65536, 1, 1245187, 65536, 1, 917508, 65536, 1, 983044, 65536, 1, 1048580, 65536, 1, 1114116, 65536, 1, 1179652, 65536, 1, 1245188, 65536, 1, 917509, 65536, 1, 983045, 65536, 1, 1048581, 65536, 1, 1114117, 65536, 1, 1179653, 65536, 1, 1245189, 65536, 1, 917510, 65536, 1, 983046, 65536, 1, 1048582, 65536, 1, 1114118, 65536, 1, 1179654, 65536, 1, 1245190, 65536, 1, 917511, 65536, 1, 983047, 65536, 1, 1048583, 65536, 1, 1114119, 65536, 1, 1179655, 65536, 1, 1245191, 65536, 1, 917512, 65536, 1, 983048, 65536, 1, 1048584, 65536, 1, 1114120, 65536, 1, 1179656, 65536, 1, 1245192, 65536, 1, 917513, 65536, 1, 983049, 65536, 1, 1048585, 65536, 1, 1114121, 65536, 1, 1179657, 65536, 1, 1245193, 65536, 1, 917514, 65536, 1, 983050, 65536, 1, 1048586, 65536, 1, 1114122, 65536, 1, 1179658, 65536, 1, 1245194, 65536, 1, 917515, 65536, 1, 983051, 65536, 1, 1048587, 65536, 1, 1114123, 65536, 1, 1179659, 65536, 1, 1245195, 65536, 1, 917516, 65536, 1, 983052, 65536, 1, 1048588, 65536, 1, 1114124, 65536, 1, 1179660, 65536, 1, 1245196, 65536, 1, 917517, 65536, 1, 983053, 65536, 1, 1048589, 65536, 1, 1114125, 65536, 1, 1179661, 65536, 1, 1245197, 65536, 1, 917518, 65536, 1, 983054, 65536, 1, 1048590, 65536, 1, 1114126, 65536, 1, 1179662, 65536, 1, 1245198, 65536, 1, 917519, 65536, 1, 983055, 65536, 1, 1048591, 65536, 1, 1114127, 65536, 1, 1179663, 65536, 1, 1245199, 65536, 1, 917520, 65536, 1, 983056, 65536, 1, 1048592, 65536, 1, 1114128, 65536, 1, 1179664, 65536, 1, 1245200, 65536, 1, 917521, 65536, 1, 983057, 65536, 1, 1048593, 65536, 1, 1114129, 65536, 1, 1179665, 65536, 1, 1245201, 65536, 1, 917522, 65536, 1, 983058, 65536, 1, 1048594, 65536, 1, 1114130, 65536, 1, 1179666, 65536, 1, 1245202, 65536, 1, 917523, 65536, 1, 983059, 65536, 1, 1048595, 65536, 1, 1114131, 65536, 1, 1179667, 65536, 1, 1245203, 65536, 1, 917524, 65536, 1, 983060, 65536, 1, 1048596, 65536, 1, 1114132, 65536, 1, 1179668, 65536, 1, 1245204, 65536, 1, 917525, 65536, 1, 983061, 65536, 1, 1048597, 65536, 1, 1114133, 65536, 1, 1179669, 65536, 1, 1245205, 65536, 1, 917526, 65536, 1, 983062, 65536, 1, 1048598, 65536, 1, 1114134, 65536, 1, 1179670, 65536, 1, 1245206, 65536, 1, 917527, 65536, 1, 983063, 65536, 1, 1048599, 65536, 1, 1114135, 65536, 1, 1179671, 65536, 1, 1245207, 65536, 1, 917528, 65536, 1, 983064, 65536, 1, 1048600, 65536, 1, 1114136, 65536, 1, 1179672, 65536, 1, 1245208, 65536, 1, 917529, 65536, 1, 983065, 65536, 1, 1048601, 65536, 1, 1114137, 65536, 1, 1179673, 65536, 1, 1245209, 65536, 1, 917530, 65536, 1, 983066, 65536, 1, 1048602, 65536, 1, 1114138, 65536, 1, 1179674, 65536, 1, 1245210, 65536, 1, 917531, 65536, 1, 983067, 65536, 1, 1048603, 65536, 1, 1114139, 65536, 1, 1179675, 65536, 1, 1245211, 65536, 1, 917532, 65536, 1, 983068, 65536, 1, 1048604, 65536, 1, 1114140, 65536, 1, 1179676, 65536, 1, 1245212, 65536, 1, 917533, 65536, 1, 983069, 65536, 1, 1048605, 65536, 1, 1114141, 65536, 1, 1179677, 65536, 1, 1245213, 65536, 1, 917534, 65536, 1, 983070, 65536, 1, 1048606, 65536, 1, 1114142, 65536, 1, 1179678, 65536, 1, 1245214, 65536, 1, 917535, 65536, 1, 983071, 65536, 1, 1048607, 65536, 1, 1114143, 65536, 1, 1179679, 65536, 1, 1245215, 65536, 1, 917536, 65536, 1, 983072, 65536, 1, 1048608, 65536, 1, 1114144, 65536, 1, 1179680, 65536, 1, 1245216, 65536, 1, 917537, 65536, 1, 983073, 65536, 1, 1048609, 65536, 1, 1114145, 65536, 1, 1179681, 65536, 1, 1245217, 65536, 1, 917538, 65536, 1, 983074, 65536, 1, 1048610, 65536, 1, 1114146, 65536, 1, 1179682, 65536, 1, 1245218, 65536, 1, 917539, 65536, 1, 983075, 65536, 1, 1048611, 65536, 1, 1114147, 65536, 1, 1179683, 65536, 1, 1245219, 65536, 1, 1310720, 65536, 1, 1310721, 65536, 1, 1310722, 65536, 1, 1310723, 65536, 1, 1310724, 65536, 1, 1310725, 65536, 1, 1310726, 65536, 1, 1310727, 65536, 1, 1310728, 65536, 1, 1310729, 65536, 1, 1310730, 65536, 1, 1310731, 65536, 1, 1310732, 65536, 1, 1310733, 65536, 1, 1310734, 65536, 1, 1310735, 65536, 1, 1310736, 65536, 1, 1310737, 65536, 1, 1310738, 65536, 1, 1310739, 65536, 1, 1310740, 65536, 1, 1310741, 65536, 1, 1310742, 65536, 1, 1310743, 65536, 1, 1310744, 65536, 1, 1310745, 65536, 1, 1310746, 65536, 1, 1310747, 65536, 1, 1310748, 65536, 1, 1310749, 65536, 1, 1310750, 65536, 1, 1310751, 65536, 1, 1310752, 65536, 1, 1310753, 65536, 1, 1310754, 65536, 1, 1310755, 65536, 1)

[node name="Player" parent="." instance=ExtResource("3_rdm2e")]
position = Vector2(322, 205)
scale = Vector2(2, 2)
